1000
6 37
10 33
14 88
3 76
14 78
5 86
3 76
13 42
15 96
3 70
3 15
19 85
2 93
1 38
17 83
6 64
9 84
19 68
9 81
1 95
4 22
5 82
10 71
17 96
1 51
18 86
17 39
1 60
12 13
4 56
2 2
8 69
18 82
2 78
13 90
6 74
5 84
8 10
1 82
9 17
4 36
16 81
18 84
1 40
13 72
1 64
9 56
13 97
13 73
16 3
8 72
1 76
19 97
19 79
14 53
17 79
12 79
14 20
17 7
16 87
10 50
1 89
8 70
3 92
3 56
13 97
4 25
1 30
13 86
5 3
8 84
1 85
4 26
14 4
8 22
5 40
18 13
1 2
15 33
6 53
18 51
5 91
11 88
11 13
6 36
14 39
10 13
1 73
12 98
1 65
5 34
11 1
17 16
3 18
11 49
17 39
15 90
4 81
15 90
12 14
13 74
8 58
7 71
1 43
8 94
13 22
10 52
15 22
9 47
2 71
6 67
13 30
2 92
3 73
6 79
8 22
14 74
19 62
7 84
5 62
10 52
18 24
10 24
3 72
11 70
13 30
13 49
7 83
18 8
18 56
13 82
9 38
17 76
6 82
16 13
3 90
10 92
14 29
17 79
5 38
18 24
12 45
3 74
3 2
11 76
13 24
17 76
9 30
6 32
12 43
2 56
17 83
9 64
19 29
4 5
14 65
3 52
1 91
16 2
5 86
6 5
19 87
13 80
18 70
13 69
16 83
18 28
17 90
9 5
6 27
3 75
16 29
17 63
1 68
2 69
3 83
17 40
15 48
3 67
17 2
11 69
10 98
6 21
5 26
11 75
3 3
7 36
9 26
6 27
6 22
13 26
8 25
13 27
15 51
8 62
14 16
14 65
16 9
19 38
17 61
16 21
6 76
7 48
10 47
1 63
19 47
4 82
16 49
12 98
12 68
18 11
15 9
11 23
13 66
15 93
16 41
19 19
16 33
9 15
4 54
13 71
13 16
15 16
1 79
14 20
14 1
12 81
5 93
4 9
9 25
18 13
3 91
12 9
19 91
5 11
15 74
13 35
17 55
7 51
12 22
15 85
19 89
19 90
6 92
5 66
1 92
8 4
2 36
17 43
18 97
1 77
8 64
8 39
8 60
7 94
8 26
15 67
18 70
4 3
14 2
6 12
18 27
11 66
14 68
17 52
3 43
9 67
10 37
13 24
7 40
13 19
16 36
7 9
19 44
8 12
19 33
12 55
17 24
16 93
9 92
6 9
10 70
19 29
1 27
14 39
18 2
6 64
1 29
8 65
13 89
13 9
15 37
7 59
11 82
5 53
6 54
19 99
13 4
10 11
6 99
11 8
8 28
12 3
11 2
5 77
15 67
3 44
12 89
11 40
9 23
2 42
13 23
3 55
8 43
8 69
15 69
17 72
12 95
14 93
11 25
6 74
7 40
13 56
7 24
16 88
15 57
13 58
14 91
19 88
2 2
10 60
11 91
4 56
2 30
18 81
17 45
4 48
19 51
17 68
12 7
12 99
14 33
15 87
12 69
1 31
2 4
10 28
7 65
13 36
14 7
6 38
17 3
5 14
3 17
17 54
3 74
15 35
18 50
10 87
12 75
3 37
15 64
6 24
15 96
16 57
6 89
6 7
11 97
1 60
9 87
17 46
15 94
13 95
15 50
9 99
4 25
5 77
10 66
18 97
19 23
9 39
16 16
5 46
5 39
3 35
4 99
5 99
14 36
13 10
17 21
14 87
15 78
3 47
3 94
2 59
10 78
1 56
12 2
17 33
11 95
19 22
13 23
17 11
17 20
14 13
1 98
14 37
18 3
17 4
2 48
9 90
18 26
1 5
13 47
3 9
7 23
10 8
2 35
11 82
15 62
1 96
12 52
16 30
7 39
1 62
17 91
1 71
13 20
4 13
8 62
2 10
1 41
7 9
4 73
15 94
9 82
2 15
3 20
2 68
9 41
14 94
4 88
3 75
18 33
17 24
13 72
7 28
7 62
10 20
6 98
15 73
12 26
3 30
17 51
4 30
11 13
14 33
4 73
14 85
18 87
4 56
11 79
9 99
10 72
12 42
14 98
11 92
3 84
3 58
4 64
5 52
9 95
14 6
18 71
12 92
8 46
4 80
10 77
15 18
16 55
4 88
18 57
7 4
19 74
8 13
14 86
3 37
8 9
14 42
7 33
14 15
17 38
1 21
14 80
4 34
11 15
4 5
10 18
19 22
14 59
16 17
12 56
8 60
6 74
3 51
7 83
8 72
8 65
11 89
9 70
16 6
10 76
17 65
2 91
9 58
15 12
6 33
11 24
19 28
19 4
14 78
4 16
12 28
17 94
5 85
2 58
16 63
1 28
10 8
19 68
3 98
5 21
11 10
6 36
5 31
11 93
9 44
5 1
18 41
13 15
15 45
13 49
19 88
13 86
14 40
14 78
14 50
14 52
14 98
1 58
7 31
11 3
13 81
5 10
19 78
12 81
4 57
4 86
13 80
6 96
7 31
18 35
6 35
8 26
5 62
16 81
7 56
3 25
1 20
4 50
19 96
17 45
4 49
15 92
8 98
5 81
4 53
11 43
15 71
6 14
16 42
1 32
19 91
4 98
11 30
18 12
19 1
2 42
6 31
14 22
7 77
7 83
18 86
15 82
5 45
1 31
11 42
12 59
2 71
17 31
1 12
15 41
8 71
2 90
18 2
11 99
16 21
6 10
12 44
1 94
7 76
3 68
18 24
17 26
7 54
7 10
8 38
6 45
6 73
14 33
13 34
18 39
13 50
10 81
5 29
3 49
13 97
13 37
7 26
13 47
2 16
5 13
3 72
13 52
1 69
17 70
7 5
14 88
6 61
15 29
13 2
13 18
12 64
10 1
8 46
18 72
13 54
15 18
4 62
10 78
14 73
13 52
18 77
18 68
17 30
7 3
12 78
1 44
18 60
9 36
17 70
5 52
14 16
11 16
12 48
12 22
4 61
19 83
7 64
17 69
2 80
19 55
7 26
4 22
19 85
6 5
5 88
5 22
16 3
9 72
10 19
18 91
5 96
16 10
18 55
18 66
16 13
7 90
4 43
10 64
18 4
2 27
19 92
12 63
10 61
11 32
17 66
6 39
17 28
19 34
4 64
13 11
6 46
19 99
2 29
5 72
1 58
15 9
17 64
10 7
10 31
10 88
15 57
15 8
19 49
8 73
3 80
6 47
7 65
15 98
8 89
12 46
7 85
10 24
14 78
13 85
13 66
1 56
8 45
8 49
14 5
8 14
13 47
13 67
9 83
12 6
1 34
13 2
9 57
15 65
1 57
4 64
4 13
15 46
15 53
13 26
11 92
2 59
12 32
10 90
4 91
3 34
9 36
7 97
3 67
7 22
11 20
5 5
19 15
9 38
4 18
12 5
19 57
19 45
16 16
11 89
5 16
13 46
14 80
9 56
7 28
3 62
6 49
12 66
4 81
6 56
19 83
17 64
13 29
6 15
18 26
19 17
17 7
6 21
18 70
2 11
2 67
18 79
12 34
4 3
12 66
3 50
1 34
10 33
10 94
17 9
17 10
9 82
17 48
17 75
16 83
3 58
12 67
18 66
18 84
12 37
7 9
1 22
5 98
7 65
9 94
14 17
5 38
18 73
5 71
4 64
8 95
2 56
1 16
7 42
14 94
9 29
7 2
7 55
10 66
15 59
15 78
14 74
17 14
7 85
2 1
16 43
3 62
13 99
17 62
14 91
6 89
10 66
14 28
9 12
17 6
15 5
7 82
18 57
7 86
14 7
19 8
13 50
2 95
6 63
18 28
4 44
17 28
3 46
5 94
2 65
18 26
2 23
16 89
16 86
2 66
8 27
2 67
1 97
4 26
13 87
13 57
9 19
1 40
11 29
14 20
3 14
11 1
5 67
4 16
16 97
17 66
1 98
7 43
7 48
14 36
14 94
9 74
17 11
14 8
12 51
11 48
9 71
19 94
15 98
1 44
15 60
15 41
15 36
19 86
14 75
7 65
11 9
17 96
9 74
11 11
17 23
7 26
9 2
4 12
9 60
3 10
2 75
18 68
17 1
11 39
5 40
13 4
2 98
10 24
14 87
14 25
6 19
19 51
4 20
13 94
6 63
9 69
9 40
2 6
13 8
12 86
14 69
11 26
15 7
3 56
11 44
14 38
6 40
6 44
5 1
12 15
17 73
1 57
10 69
14 60
12 53
6 86
4 40
3 99
7 62
8 34
14 79
19 89
8 92
6 75
7 4
9 67
5 18
18 25
19 34
11 68
9 14
14 42
5 2
5 25
11 1
18 69
9 64
14 12
14 29
4 61
4 27
6 84
3 66
5 37
15 53
16 68
1 82
2 10
7 51
18 80
5 80
12 34
5 13
3 75
18 39
3 70
1 44
12 76
16 91
5 57
3 51
12 73
17 48
19 95
6 87
3 23
19 84
2 92
3 42
13 55
7 97
17 71
10 28
100